tree
version=v4
num_class=1
num_tree_per_iteration=1
label_index=0
max_feature_idx=29
objective=binary sigmoid:1
feature_names=radius_mean texture_mean perimeter_mean area_mean smoothness_mean compactness_mean concavity_mean concave_points_mean symmetry_mean fractal_dimension_mean radius_se texture_se perimeter_se area_se smoothness_se compactness_se concavity_se concave_points_se symmetry_se fractal_dimension_se radius_worst texture_worst perimeter_worst area_worst smoothness_worst compactness_worst concavity_worst concave_points_worst symmetry_worst fractal_dimension_worst
feature_infos=[6.9809999999999999:28.109999999999999] [9.7100000000000009:39.280000000000001] [43.789999999999999:188.5] [143.5:2501] [0.062509999999999996:0.16339999999999999] [0.019380000000000001:0.34539999999999998] [0:0.42680000000000001] [0:0.20119999999999999] [0.106:0.30399999999999999] [0.05024:0.097439999999999999] [0.1115:2.8730000000000002] [0.36020000000000002:4.8849999999999998] [0.75700000000000001:21.98] [6.8019999999999996:542.20000000000005] [0.0017129999999999999:0.031130000000000001] [0.0022520000000000001:0.10639999999999999] [0:0.39600000000000002] [0:0.052789999999999997] [0.0078820000000000001:0.078950000000000006] [0.00089479999999999996:0.029839999999999998] [7.9299999999999997:36.039999999999999] [12.02:49.539999999999999] [50.409999999999997:251.19999999999999] [185.19999999999999:4254] [0.071169999999999997:0.22259999999999999] [0.027289999999999998:1.0580000000000001] [0:1.252] [0:0.29099999999999998] [0.1565:0.66379999999999995] [0.055039999999999999:0.20749999999999999]
tree_sizes=972 1499 1917 2134 2034 2140 2253 2363 2233 2140 2243 2358 2457 2230 2240 2041 2218

Tree=0
num_leaves=8
num_cat=0
split_feature=22 27 27 13 21 14 0
split_gain=324.299 31.737 13.1042 4.10095 1.67291 0.195465 2.84217e-14
threshold=113.15000000000002 0.14575000000000002 0.14150000000000004 34.730000000000011 32.055000000000007 0.0038120000000000003 17.715000000000003
decision_type=2 2 2 2 2 2 2
left_child=1 3 -2 4 5 -1 -4
right_child=2 -3 6 -5 -6 -7 -8
leaf_value=-0.65497505731842076 -0.40730152638992856 -0.40442411098558939 -0.24904367915127545 -0.57460267918507613 -0.61224543856398439 -0.67633986669563895 -0.24904367915127534
leaf_weight=4.6805942058563224 6.3188021779060355 5.1486536264419547 13.339693486690523 4.9146239161491385 4.6805942058563224 50.316387712955475 17.08416885137558
leaf_count=20 27 22 57 21 20 215 73
internal_value=-0.516691 -0.643361 -0.27626 -0.662406 -0.669637 -0.674522 -0.249044
internal_weight=106.484 69.7409 36.7427 64.5922 59.6776 54.997 30.4239
internal_count=455 298 157 276 255 235 130
is_linear=0
shrinkage=1


Tree=1
num_leaves=13
num_cat=0
split_feature=20 27 6 11 21 1 27 13 14 21 0 0
split_gain=257.824 34.5177 10.1544 0.63809 0.486978 0.156657 0.0555214 0.00640475 0.00054316 0.000361952 1.42109e-14 1.42109e-14
threshold=16.765000000000004 0.13595000000000002 0.073415000000000008 2.0635000000000008 30.135000000000002 17.640000000000004 0.15435000000000001 31.085000000000004 0.0049550000000000002 21.760000000000002 20.585000000000004 12.840000000000002
decision_type=2 2 2 2 2 2 2 2 2 2 2 2
left_child=1 3 -2 4 7 -4 -7 8 9 -1 -8 -10
right_child=2 -3 5 -5 -6 6 10 -9 11 -11 -12 -13
leaf_value=-0.15106827959656555 0.074618624938701306 0.070361584854332998 0.21099228635761316 -0.10883605457259378 -0.12234144346611493 0.23980852503072222 0.22827980514704255 -0.1549670593003423 -0.15084746373047286 -0.15232293527704546 0.2282798051470426 -0.15084746373047286
leaf_weight=4.4752851128578168 5.0003512352704993 8.5231746286153776 4.9005592316389075 4.5256714075803748 6.5522971004247657 5.0975886434316662 18.216083735227588 4.5694973766803733 27.038254767656326 4.7290389984846115 4.9232658743858329 7.1506128311157218
leaf_count=20 21 36 20 20 29 21 74 20 121 21 20 32
internal_value=-0.000421175 -0.11776 0.207452 -0.144917 -0.147913 0.227497 0.230361 -0.151406 -0.151031 -0.151713 0.22828 -0.150847
internal_weight=105.702 67.5638 38.1378 59.0407 54.515 33.1375 28.2369 47.9627 43.3932 9.20432 23.1393 34.1889
internal_count=455 299 156 263 243 135 115 214 194 41 94 153
is_linear=0
shrinkage=0.1


Tree=2
num_leaves=17
num_cat=0
split_feature=22 27 27 13 21 19 2 27 1 11 27 21 14 13 14 0
split_gain=211.82 23.6479 7.67888 3.61891 1.5178 0.217935 0.0100879 0.00958892 0.00108654 0.000352879 0.000107511 6.29996e-05 3.20097e-05 4.19798e-07 2.13088e-08 7.10543e-15
threshold=113.15000000000002 0.14575000000000002 0.14150000000000004 34.730000000000011 32.055000000000007 0.0015830000000000002 102.25000000000001 0.11245000000000001 18.48 1.8985000000000001 0.17165000000000002 28.200000000000003 0.0046970000000000007 25.785000000000004 0.005523000000000001 11.235000000000001
decision_type=2 2 2 2 2 2 2 2 2 2 2 2 2 2 2 2
left_child=1 3 -2 4 5 -1 -4 9 -8 11 -10 12 -7 14 -14 -16
right_child=2 -3 6 -5 -6 7 8 -9 10 -11 -12 -13 13 -15 15 -17
leaf_value=-0.12080720185682972 0.084535127317735409 0.089247138054634106 0.20707096989659646 -0.046105485465823104 -0.081286877259267795 -0.14401056399910189 0.20361135711290707 -0.14831458543272594 0.20157143806199304 -0.1447373348452638 0.2020980950209974 -0.14415684332797232 -0.14371985851946384 -0.14369184570596513 -0.14372775285585304 -0.14372775285585312
leaf_weight=4.2549806088209143 6.573096126317977 5.3545236587524405 5.2377886772155753 4.7081149816513053 4.4148526489734641 4.4562318474054363 4.9983810186386135 5.6760719269514075 4.9996556341648128 4.6971304118633261 17.248141050338745 4.6742419302463523 4.2332618832588258 4.2321938276290885 8.2554448395967501 9.5255132764577848
leaf_count=20 27 22 21 21 20 21 20 26 20 22 69 22 20 20 39 45
internal_value=-0.00067538 -0.111992 0.183106 -0.130216 -0.137492 -0.142455 0.203052 -0.144468 0.202279 -0.143923 0.20198 -0.143815 -0.143763 -0.143721 -0.143726 -0.143728
internal_weight=103.54 64.4826 39.0571 59.128 54.4199 50.0051 32.484 45.7501 27.2462 40.074 22.2478 35.3769 30.7026 26.2464 22.0142 17.781
internal_count=455 298 157 276 255 235 130 215 109 189 89 167 145 124 104 84
is_linear=0
shrinkage=0.1


Tree=3
num_leaves=19
num_cat=0
split_feature=20 27 21 18 15 17 17 26 21 10 12 24 11 0 1 19 6 29
split_gain=176.262 26.6669 7.74109 0.634437 1.39459 0.485895 0.583595 0.0256788 0.0110154 0.00960373 0.00195041 0.000138424 4.88275e-05 2.30142e-05 1.50866e-05 1.12903e-05 1.06557e-06 3.92451e-08
threshold=16.765000000000004 0.13595000000000002 22.465000000000003 0.016580000000000001 0.012035000000000002 0.009869000000000001 0.011565000000000001 0.34025000000000005 31.135000000000002 0.41330000000000006 1.7280000000000004 0.10725000000000003 1.0680000000000003 18.655000000000005 19.875000000000004 0.0020225000000000004 0.053800000000000008 0.077065000000000008
decision_type=2 2 2 2 2 2 2 2 2 2 2 2 2 2 2 2 2 2
left_child=1 3 -2 4 -1 -4 -7 -8 9 11 -6 -5 -9 -14 15 -13 17 -17
right_child=2 -3 5 8 10 6 7 12 -10 -11 -12 14 13 -15 -16 16 -18 -19
leaf_value=-0.08060907793929159 0.048995879069145543 0.057445310314283252 0.20996208740612721 -0.138499050480762 -0.13843077530550327 0.14732266979649936 0.19155331476795215 0.18363231427319102 -0.14413046207995117 -0.14317219497988357 -0.14127865294133624 -0.13804046804358991 0.18313011962304776 0.18341916771980246 -0.13810493080147704 -0.13786024042572517 -0.13780832083180516 -0.1378726300388346
leaf_weight=6.722870439291003 4.8614073246717444 8.6417354643344861 5.9310071021318427 5.2172310352325466 5.8129432350397092 4.9546230584383038 4.9586579203605679 6.6963001936674145 4.2203893065452567 4.17785920202732 4.101711243391037 3.9924987107515397 4.957533121109007 6.1989256292581558 3.9953449964523307 4.1833521127700788 4.1807547211647025 6.5748112797737122
leaf_count=33 20 36 24 26 29 20 20 27 20 20 20 20 20 25 20 21 21 33
internal_value=-0.000828451 -0.10548 0.166962 -0.131956 -0.115768 0.18398 0.17843 0.185187 -0.139326 -0.138698 -0.139609 -0.138034 0.183419 0.183291 -0.137928 -0.137891 -0.137851 -0.137868
internal_weight=100.38 61.8215 38.5585 53.1798 16.6375 33.697 27.766 22.8114 36.5422 32.3219 9.91465 28.144 17.8528 11.1565 22.9268 18.9314 14.9389 10.7582
internal_count=455 299 156 263 82 136 112 92 181 161 49 141 72 45 115 95 75 54
is_linear=0
shrinkage=0.1


Tree=4
num_leaves=18
num_cat=0
split_feature=7 22 20 21 13 21 23 25 27 14 17 15 18 11 1 28 12
split_gain=151.337 14.5576 13.8848 3.58378 1.31879 0.41311 0.294864 0.0868715 0.0288366 0.000957591 0.000805458 0.000320148 0.000416787 3.61993e-05 8.72853e-06 1.72189e-06 7.30721e-07
threshold=0.05012500000000001 103.80000000000003 16.850000000000005 23.785000000000004 32.695000000000007 30.135000000000002 923.95000000000016 0.30130000000000007 0.15435000000000001 0.0041235000000000013 0.011565000000000001 0.011780000000000001 0.019385000000000003 1.6445000000000001 21.575000000000003 0.30115000000000008 1.8240000000000003
decision_type=2 2 2 2 2 2 2 2 2 2 2 2 2 2 2 2 2
left_child=2 -2 4 -3 5 7 -5 9 -8 -1 -10 12 -11 15 -12 16 -13
right_child=1 3 -4 6 -6 -7 8 -9 10 11 14 13 -14 -15 -16 -17 -18
leaf_value=-0.13492476974080367 -0.027320019951869841 0.09282858228693848 0.058746409733778163 0.19799642884776913 -0.073168618324417539 -0.10851507202126374 0.17822878822282934 -0.14879267579544511 0.170860178229786 -0.13454004824508695 0.16947897078296115 -0.13297706483180821 -0.13319425709876495 -0.13330674444683382 0.16933307990989416 -0.13302573748868946 -0.13292971903169057
leaf_weight=3.8348054736852637 4.5720992237329474 6.3010298162698737 4.4238848090171805 4.9052731841802624 4.305769369006156 6.9029235243797293 4.8954478204250362 4.1198175549507132 4.8533432036638287 3.814857169985773 7.2567268311977413 6.3407000303268486 5.7998351007699966 3.9352519363164893 9.4301788806915265 4.2924337089061728 6.708807036280632
leaf_count=20 21 26 18 20 21 35 20 20 20 20 30 34 31 21 39 23 36
internal_value=-0.000943955 0.141178 -0.111069 0.161644 -0.126078 -0.131057 0.175479 -0.135063 0.171301 -0.133434 0.169726 -0.133249 -0.133728 -0.133033 0.169397 -0.132971 -0.132953
internal_weight=96.6932 42.2141 54.4791 37.642 50.0552 45.7494 31.341 38.8465 26.4357 34.7267 21.5402 30.8919 9.61469 21.2772 16.6869 17.3419 13.0495
internal_count=455 176 279 155 261 240 129 205 109 185 89 165 51 114 69 93 70
is_linear=0
shrinkage=0.1


Tree=5
num_leaves=19
num_cat=0
split_feature=7 21 20 13 6 20 21 27 27 14 17 15 18 13 11 25 28 12
split_gain=128.191 12.7398 12.2709 1.29849 0.878356 0.550883 0.420947 0.0616103 0.00468267 0.000652271 0.000414061 0.000237488 0.000238745 2.74153e-05 2.63531e-05 6.22349e-06 8.98591e-07 2.97155e-07
threshold=0.05012500000000001 23.785000000000004 16.850000000000005 32.695000000000007 0.10295000000000001 17.340000000000003 30.135000000000002 0.10955000000000002 0.16610000000000003 0.0041235000000000013 0.012365000000000001 0.011780000000000001 0.019520000000000003 70.550000000000011 1.6445000000000001 0.23965000000000003 0.30115000000000008 1.8240000000000003
decision_type=2 2 2 2 2 2 2 2 2 2 2 2 2 2 2 2 2 2
left_child=2 -2 3 6 -3 -6 7 9 -7 -1 -10 12 -11 -12 15 16 17 -13
right_child=1 4 -4 -5 5 8 -8 -9 10 11 13 14 -14 -15 -16 -17 -18 -19
leaf_value=-0.13051814268959069 0.021835263390768241 0.12090858049469227 0.052710238144080761 -0.068033486514330624 0.19669768395660328 0.16234945990467503 -0.10313778079656977 -0.14256123027290776 0.15961571771063671 -0.13012661208807061 0.15832608792777739 -0.128875941712565 -0.12907252699261706 0.15862728004084939 -0.12913880143891218 -0.12872328696115254 -0.12891764944401243 -0.12884035377246178
leaf_weight=3.5809081196784964 8.5433368235826475 5.1019325554370871 4.4366618096828452 4.1746942549943915 4.8434030115604427 4.7099775075912502 6.5547469258308402 3.8923993408679953 4.6788964122533825 3.73453237116337 4.6533443927764884 4.6941413730382973 5.0602437406778336 8.6207579523324949 3.6685398221015921 3.4668661653995505 3.4798594266176215 4.6909356266260147
leaf_count=20 37 22 18 21 20 20 35 20 20 21 20 27 29 37 21 20 20 27
internal_value=-0.00101245 0.130537 -0.106262 -0.12127 0.159017 0.166085 -0.12646 -0.130674 0.159543 -0.129245 0.158807 -0.129087 -0.12952 0.158522 -0.128897 -0.128842 -0.128874 -0.128858
internal_weight=92.5862 41.1516 51.4345 46.9979 32.6083 27.5064 42.8232 36.2684 22.663 32.376 17.953 28.7951 8.79478 13.2741 20.0003 16.3318 12.8649 9.38508
internal_count=455 176 279 261 139 117 240 205 97 185 77 165 50 57 115 94 74 54
is_linear=0
shrinkage=0.1


Tree=6
num_leaves=20
num_cat=0
split_feature=22 27 13 21 29 14 22 6 1 7 12 1 15 18 9 4 14 25 14
split_gain=111.843 18.3267 4.2457 2.74846 1.81224 0.800797 0.123954 0.0588973 0.0466698 0.0251975 0.00113005 0.000829505 0.000238359 0.000263604 8.28611e-05 3.47732e-05 1.34727e-05 1.04766e-05 2.77154e-07
threshold=115.35000000000001 0.14575000000000002 35.185000000000009 32.830000000000005 0.071365000000000012 0.0038120000000000003 101.80000000000003 0.11185000000000002 18.880000000000006 0.042455000000000007 3.7820000000000005 20.770000000000007 0.013825000000000002 0.016905000000000003 0.060110000000000004 0.10470000000000002 0.0085585000000000019 0.23700000000000002 0.0059645000000000011
decision_type=2 2 2 2 2 2 2 2 2 2 2 2 2 2 2 2 2 2 2
left_child=1 2 3 5 -2 -1 9 -6 -9 11 -10 12 13 -7 -15 -12 17 18 -14
right_child=4 -3 -4 -5 7 6 -8 8 10 -11 15 -13 16 14 -16 -17 -18 -19 -20
leaf_value=-0.079674982206646136 0.088118093607818415 0.073044940887296295 -0.012015099987519189 -0.034108763132731215 0.16489824169159895 -0.12671400306022521 -0.14595284605969722 0.16177470887301015 0.15152476116989164 -0.13481369819414876 0.14972084553712839 -0.12699299831124902 -0.12533849568624589 -0.12601113842646153 -0.12534887227311475 0.15008460560198666 -0.12551342019821485 -0.12514154934266794 -0.1253775787926715
leaf_weight=3.6567960083484641 4.7416905611753455 6.3046208173036566 4.212050572037696 3.6740289330482474 4.9150223731994656 3.3250903785228783 3.7449275106191626 4.6733727306127575 7.6110439896583584 3.5049666911363593 4.4358683824539167 5.3380494415760031 3.5483814775943738 3.437463790178299 4.1945788562297821 6.4477951526641846 3.7244508117437354 3.2105677276849747 3.7131114602088928
leaf_count=21 20 26 20 19 21 20 19 20 34 19 20 32 22 21 26 29 23 20 23
internal_value=-0.00106441 -0.0874914 -0.108028 -0.117 0.145301 -0.124357 -0.128686 0.154955 0.152846 -0.126784 0.15059 -0.125861 -0.125621 -0.125971 -0.125647 0.149936 -0.12535 -0.125292 -0.125358
internal_weight=88.4139 55.5891 49.2845 45.0724 32.8248 41.3984 37.7416 28.0831 23.1681 33.9967 18.4947 30.4917 25.1536 10.9571 7.63204 10.8837 14.1965 10.4721 7.26149
internal_count=455 311 285 265 144 246 225 124 103 206 83 187 155 67 47 49 88 65 45
is_linear=0
shrinkage=0.1


Tree=7
num_leaves=21
num_cat=0
split_feature=22 27 13 21 19 14 22 21 7 7 21 19 10 15 28 1 5 10 25 28
split_gain=95.7572 15.9422 3.98139 2.84534 1.79553 0.741526 0.0919764 0.0581877 0.0222857 0.0170623 0.000923079 0.000388986 0.000340509 0.000131248 0.000130762 7.44476e-05 7.1252e-05 1.33527e-05 7.84508e-06 5.18797e-07
threshold=115.35000000000001 0.14575000000000002 35.185000000000009 33.215000000000011 0.0021780000000000007 0.0039790000000000008 102.85000000000001 24.870000000000005 0.070525000000000018 0.042455000000000007 29.100000000000005 0.0017905000000000002 0.44780000000000003 0.013825000000000002 0.27260000000000006 21.360000000000003 0.17095000000000002 0.35225000000000006 0.24675000000000002 0.26765000000000005
decision_type=2 2 2 2 2 2 2 2 2 2 2 2 2 2 2 2 2 2 2 2
left_child=1 2 3 5 -2 -1 9 -6 -9 10 11 -7 -10 14 -13 -14 -17 18 19 -15
right_child=4 -3 -4 -5 7 6 -8 8 12 -11 -12 13 15 17 -16 16 -18 -19 -20 -21
leaf_value=-0.078890455419053873 0.079652362590101833 0.065956748266712592 -0.010859267106492716 -0.025805814537836588 0.15714012693253981 -0.12372778228890065 -0.1415138367778713 0.15137017504132383 0.14416707478272453 -0.13053751308950962 -0.12448201884634789 -0.12322338907855009 0.14283162889483131 -0.12233541914786708 -0.12242658148422765 0.14362098089731024 0.14303970351581732 -0.12254722766761175 -0.12217045770499824 -0.12238762588839486
leaf_weight=3.8151459246873847 4.6142112612724331 6.2848959863185874 4.1952607631683341 3.4366643875837317 4.8270273357629803 3.2320935279131033 3.1885206103324881 4.4039774686098125 4.4526466727256802 3.2698971629142752 3.3020793795585623 4.5831671655178088 4.6186509281396857 3.7309700548648816 3.7403934150934219 4.2282331734895688 4.2069252580404282 3.002237692475318 2.9705334156751633 3.8860297948122025
leaf_count=23 20 26 20 18 21 21 17 20 21 19 21 30 22 25 25 20 20 20 20 26
internal_value=-0.00109444 -0.0834995 -0.103764 -0.113009 0.13726 -0.120749 -0.125324 0.147201 0.145012 -0.123696 -0.12291 -0.122704 0.143412 -0.122553 -0.122865 0.143154 0.143331 -0.122361 -0.122308 -0.122362
internal_weight=83.9896 52.6379 46.353 42.1577 31.3517 38.7211 34.9059 26.7375 21.9104 31.7174 28.4475 25.1454 17.5065 21.9133 8.32356 13.0538 8.43516 13.5898 10.5875 7.617
internal_count=455 311 285 265 144 247 224 124 103 207 188 167 83 146 55 62 40 91 71 51
is_linear=0
shrinkage=0.1


Tree=8
num_leaves=20
num_cat=0
split_feature=7 21 22 20 13 21 28 22 27 6 14 10 26 18 12 19 1 12 21
split_gain=83.5621 10.3155 16.6412 8.94695 1.55031 0.450882 0.365973 0.521399 0.0707093 0.0067285 0.0020861 0.000255047 0.000126812 0.000131598 4.0657e-05 3.48448e-05 9.08417e-06 3.36637e-06 1.34321e-06
threshold=0.05012500000000001 24.870000000000005 118.25000000000001 16.850000000000005 34.405000000000008 30.135000000000002 0.26960000000000001 117.45000000000002 0.11510000000000002 0.11750000000000001 0.0041235000000000013 0.45505000000000001 0.11210000000000002 0.017950000000000004 2.2755000000000005 0.0038940000000000003 18.985000000000003 2.0400000000000005 21.585000000000004
decision_type=2 2 2 2 2 2 2 2 2 2 2 2 2 2 2 2 2 2 2
left_child=3 2 -2 4 5 8 -3 -8 10 -9 -1 -11 13 -12 -15 -13 17 18 -14
right_child=1 6 -4 -5 -6 -7 7 9 -10 11 12 15 16 14 -16 -17 -18 -19 -20
leaf_value=-0.12275661314769436 -0.11735475788199445 0.11637758799701217 0.14908345611752469 0.04036116011391043 -0.043449535386639371 -0.091361308629145599 0.17628941821063526 0.14228131520671886 -0.13683855615904314 0.13833832654587672 -0.12080473785874782 0.13761226164346124 -0.11972503877753203 -0.11983861338748486 -0.12031480009628877 0.13722405367954368 -0.11960220311454456 -0.11988359004700277 -0.11981448249046994
leaf_weight=3.0178920626640382 4.5604249536991102 4.8734928667545345 4.8237090259790421 4.3474441766738883 3.1270226687192908 5.7879585325717917 4.6821123957633999 4.1281761229038265 2.8525082916021338 3.9965224564075461 2.8490561246871966 3.9710661470890027 3.9904932826757413 4.9727896302938461 2.8040341436862946 5.5345315188169479 2.8771340847015372 3.4581255614757538 2.8984978944063187
leaf_count=20 22 24 22 18 16 36 20 20 17 20 20 20 29 36 20 28 21 25 21
internal_value=-0.00111257 0.11 0.019602 -0.0956472 -0.110952 -0.116896 0.141204 0.146626 -0.121869 0.138748 -0.12028 0.137668 -0.119966 -0.120223 -0.12001 0.137386 -0.119759 -0.119803 -0.119763
internal_weight=79.553 36.57 9.38413 42.983 38.6355 35.5085 27.1859 22.3124 29.7205 17.6303 26.868 13.5021 23.8501 10.6259 7.77682 9.5056 13.2243 10.3471 6.88899
internal_count=455 176 44 279 261 245 132 108 209 88 192 68 172 76 56 48 96 75 50
is_linear=0
shrinkage=0.1


Tree=9
num_leaves=19
num_cat=0
split_feature=7 23 20 13 15 21 21 27 26 14 18 26 18 25 12 1 12 21
split_gain=72.2988 9.73639 8.04234 1.5402 0.604518 0.47478 0.121211 0.0516429 0.0169747 0.00144798 0.000978145 8.84149e-05 9.15898e-05 6.53864e-05 2.84063e-05 6.32254e-06 2.34954e-06 9.35213e-07
threshold=0.05012500000000001 810.55000000000007 16.850000000000005 34.405000000000008 0.018735000000000005 30.135000000000002 24.630000000000006 0.11510000000000002 0.34405000000000002 0.0041235000000000013 0.017700000000000004 0.11210000000000002 0.017950000000000004 0.42505000000000004 2.2755000000000005 18.985000000000003 2.0400000000000005 21.585000000000004
decision_type=2 2 2 2 2 2 2 2 2 2 2 2 2 2 2 2 2 2
left_child=2 -2 3 5 -3 7 -6 9 -8 -1 -10 12 -11 -12 -14 16 17 -13
right_child=1 4 -4 -5 6 -7 8 -9 10 11 13 15 14 -15 -16 -17 -18 -19
leaf_value=-0.1201286131504915 -0.00033228982991880484 0.09874170453707791 0.036388693377894563 -0.039927279264434332 0.1534507150062272 -0.087154059536353357 0.14051521488601951 -0.13264863572889826 0.1340601789913044 -0.11843799371209379 0.13267956429033484 -0.1174993871066902 -0.11759815088247515 0.13210986912030331 -0.11801280333741467 -0.11739266092801642 -0.11763735844045489 -0.11757714985994211
leaf_weight=2.787349119782454 7.0264421403408042 4.679141357541087 4.3402113765478125 3.0659074932336798 4.2376616001129177 5.4769506603479376 3.9810917228460339 2.6583456993103018 6.6036863029003134 2.6267859637737292 4.4545474052429181 3.6756112575530988 4.580865740776062 3.6782078295946121 2.5841305404901505 2.6498089879751197 3.1857044994831085 2.6699988692998886
leaf_count=20 33 24 18 16 20 36 20 17 35 20 24 29 36 20 20 21 25 21
internal_value=-0.00112165 0.104776 -0.0921971 -0.107716 0.131501 -0.114034 0.138179 -0.119404 0.134721 -0.117982 0.133156 -0.117709 -0.117933 0.132422 -0.117748 -0.117529 -0.117567 -0.117532
internal_weight=74.9624 34.6608 40.3017 35.9615 27.6343 32.8956 22.9552 27.4186 18.7175 24.7603 14.7364 21.9729 9.79178 8.13276 7.165 12.1811 9.53131 6.34561
internal_count=455 176 279 261 143 245 119 209 99 192 79 172 76 44 56 96 75 50
is_linear=0
shrinkage=0.1


Tree=10
num_leaves=20
num_cat=0
split_feature=7 13 21 20 21 12 27 1 22 5 21 14 10 15 18 1 5 14 19
split_gain=62.7726 10.2672 7.40164 3.11049 0.257138 0.25708 0.126717 0.0453323 0.0207402 0.000769276 0.000577739 0.000438758 0.00035565 4.20953e-05 3.34699e-05 2.25314e-05 1.05522e-05 1.78765e-06 6.16149e-07
threshold=0.055760000000000011 34.405000000000008 23.785000000000004 15.870000000000003 32.175000000000004 2.4940000000000002 0.12830000000000003 19.965000000000003 133.10000000000005 0.12835000000000002 28.980000000000004 0.0042560000000000002 0.38145000000000001 0.011780000000000001 0.019520000000000003 22.090000000000003 0.10065 0.0080395000000000015 0.0030450000000000004
decision_type=2 2 2 2 2 2 2 2 2 2 2 2 2 2 2 2 2 2 2
left_child=1 3 -2 4 6 -4 10 -7 -9 -10 11 -1 13 14 -13 -11 17 18 -15
right_child=2 -3 5 -5 -6 7 -8 8 9 15 -12 12 -14 16 -16 -17 -18 -19 -20
leaf_value=-0.11726369669517978 0.012648905711456611 0.036946591587323802 0.15546318511677895 -0.029173668826852808 -0.084973950664496409 0.11873030827602526 -0.14022410037124408 0.13752041677706109 0.13034779677936548 0.12841656001277629 -0.11751895982371413 -0.11619623865458527 -0.11695179457931025 -0.11562580631383679 -0.11569686902070347 0.12875621092959688 -0.11538771122280055 -0.11570234249901878 -0.11556376248722611
leaf_weight=2.5018594115972652 6.371125370264056 6.1457917541265479 4.5325713902711895 4.8591971546411505 2.5268637984991065 3.5202992260456112 2.4080761894583693 3.9827304184436789 3.7415902614593488 3.4455611705780029 2.904138356447219 2.397883750498301 2.5694961920380583 3.9738192781805974 3.0485711991786957 4.5089659094810486 2.3106930181384078 2.3456504940986633 2.6801735758781433
leaf_count=20 31 30 22 27 16 20 14 21 21 20 23 20 21 34 26 26 20 20 23
internal_value=-0.00111879 -0.0821402 0.10835 -0.103338 -0.115485 0.134042 -0.118326 0.128985 0.131288 0.129165 -0.116194 -0.116018 -0.115856 -0.115688 -0.115917 0.128609 -0.115578 -0.115627 -0.115601
internal_weight=70.7751 40.6722 30.1028 34.5264 29.6672 23.7317 27.1404 19.1991 15.6788 11.6961 24.7323 21.8281 19.3263 16.7568 5.44645 7.95453 11.3103 8.99964 6.65399
internal_count=455 294 161 264 237 130 221 108 88 67 207 184 164 143 46 46 97 77 57
is_linear=0
shrinkage=0.1


Tree=11
num_leaves=21
num_cat=0
split_feature=22 27 21 22 11 27 22 20 14 27 25 10 1 8 28 18 14 15 27 29
split_gain=56.1796 13.5885 8.25562 13.4122 1.31742 1.01291 0.736019 1.55811 0.541677 0.265238 0.0299456 0.0243572 0.0121673 0.000604182 0.000337817 0.000229725 0.000146029 2.66348e-05 9.9919e-06 1.97461e-07
threshold=117.45000000000002 0.17660000000000001 27.610000000000003 101.30000000000003 1.9200000000000002 0.080880000000000021 108.30000000000001 15.590000000000002 0.0045670000000000007 0.13270000000000001 0.22995000000000002 0.40690000000000009 19.315000000000001 0.17980000000000004 0.31095000000000006 0.016975000000000001 0.0049550000000000002 0.011780000000000001 0.091250000000000012 0.079460000000000017
decision_type=2 2 2 2 2 2 2 2 2 2 2 2 2 2 2 2 2 2 2 2
left_child=1 2 4 5 6 -4 7 9 -2 11 -10 14 -12 -14 16 -15 -1 -18 19 -19
right_child=8 -3 3 -5 -6 -7 -8 -9 10 -11 12 -13 13 15 -16 -17 17 18 -20 -21
leaf_value=-0.11479467014061906 0.087542699178709382 0.15454462120550705 -0.11916592710233345 0.13193394602616906 -0.038611433388167582 -0.039454303340699631 -0.15873759676589003 -0.03405110647284134 0.13703266636177724 -0.15191943096286209 0.13223861953398822 -0.12514209996516676 0.12677585260144891 0.12587668528736934 -0.11534279330461213 0.12484139671073147 -0.11416986905916936 -0.11393772334184885 -0.11365953866166766 -0.11389755611066617
leaf_weight=2.5717387646436896 3.7466410100460079 2.5563687384128562 4.8914255276322347 4.1657602936029434 2.29330950975418 2.3648694455623627 3.7390893176197997 2.3671913892030707 3.7480498552322414 2.2724259421229354 3.6079707145690945 2.388990454375743 3.4817663580179206 3.4220881909131986 2.7015199437737456 5.7356442809104919 3.8024150207638723 2.6840228363871574 2.1133614182472229 2.2497043833136559
leaf_count=23 20 12 38 21 18 19 18 15 20 12 20 16 21 21 24 36 35 25 20 21
internal_value=-0.00111605 -0.0690787 -0.0831571 -0.011083 -0.111366 -0.0931874 -0.11757 -0.110922 0.122437 -0.119677 0.128975 -0.115719 0.127117 0.125655 -0.114323 0.125228 -0.114117 -0.113957 -0.113841 -0.113919
internal_weight=66.9044 43.1622 40.6058 11.4221 29.1838 7.25629 26.8905 23.1514 23.7422 20.7842 19.9955 18.5118 16.2475 12.6395 16.1228 9.15773 13.4212 10.8495 7.04709 4.93373
internal_count=455 317 305 78 227 57 209 191 138 176 118 164 98 78 148 57 124 101 66 46
is_linear=0
shrinkage=0.1


Tree=12
num_leaves=22
num_cat=0
split_feature=22 27 21 22 13 6 28 21 22 27 6 1 10 23 24 14 11 26 16 27 7
split_gain=48.992 11.7435 7.3832 11.2332 1.28406 0.999074 0.597879 0.592925 0.421543 0.100346 0.0224953 0.0105297 0.00102458 0.000724157 0.00024525 0.00011552 3.82776e-05 2.54492e-05 2.37285e-06 1.05495e-06 8.1667e-08
threshold=117.45000000000002 0.17660000000000001 27.610000000000003 101.30000000000003 35.185000000000009 0.045530000000000008 0.25420000000000004 25.830000000000002 106.30000000000003 0.12220000000000002 0.11185000000000002 18.880000000000006 0.39440000000000003 684.55000000000007 0.14690000000000003 0.0047300000000000007 1.0680000000000003 0.048770000000000001 0.015035000000000001 0.092040000000000011 0.023110000000000002
decision_type=2 2 2 2 2 2 2 2 2 2 2 2 2 2 2 2 2 2 2 2 2
left_child=1 2 4 5 7 -4 -2 8 9 12 -8 -12 13 15 -13 -1 -16 -17 -19 20 -20
right_child=6 -3 3 -5 -6 -7 10 -9 -10 -11 11 14 -14 -15 16 17 -18 18 19 -21 -22
leaf_value=-0.11330415375059251 0.081703493976833422 0.14713277539941252 -0.11709663075099881 0.1187016862570016 -0.049094867759365335 -0.036050547259368966 0.13262257088012391 -0.069658852038265079 -0.15831403475963041 -0.13608926645499508 0.12889707229277586 0.12308446676960508 -0.11528772602444766 -0.11465512454135174 0.12236806602710522 -0.11279304085536135 0.12187662413457785 -0.11251099884581342 -0.11239994937227633 -0.11232430390659405 -0.11242843665091154
leaf_weight=2.1680767610669305 3.6857063919305828 2.4234650433063498 4.5117649063467962 4.1668868586421013 3.2820478230714789 2.2945618703961372 3.8429702669382122 2.4961671084165564 2.6724144965410224 2.1708587259054175 3.4049942195415488 4.85428838431835 2.1111462488770476 2.0840200558304778 3.4327642023563385 2.3098388239741308 2.9442321211099625 1.9762537330389021 2.0611207485198975 1.9533788338303564 1.9664627388119695
leaf_count=21 21 12 38 21 17 19 22 20 13 14 20 32 19 19 23 23 20 20 21 20 20
internal_value=-0.00111967 -0.0663347 -0.0798686 -0.0106091 -0.107757 -0.0897742 0.118479 -0.115789 -0.121151 -0.115869 0.125814 0.124026 -0.113229 -0.11293 0.122549 -0.112641 0.122141 -0.112501 -0.112416 -0.112385 -0.112414
internal_weight=62.8134 40.6485 38.225 10.9732 27.2518 6.80633 22.165 23.9697 21.4736 18.8012 18.4792 14.6363 16.6303 14.5192 11.2313 12.4351 6.377 10.2671 7.95722 5.98096 4.02758
internal_count=455 317 305 78 227 57 138 210 190 177 117 95 163 144 75 125 43 104 81 61 41
is_linear=0
shrinkage=0.1


Tree=13
num_leaves=20
num_cat=0
split_feature=27 23 3 21 15 4 18 18 23 13 1 11 7 25 11 9 22 11 20
split_gain=43.4786 10.9754 5.07629 3.20713 0.4748 0.825751 0.368687 1.38413 0.0777874 0.0588583 0.00442074 0.00240826 0.000826223 0.000556911 0.000224863 8.70052e-05 3.86241e-05 3.81596e-05 8.61011e-07
threshold=0.111 722.85000000000002 691.95000000000016 22.465000000000003 0.016480000000000005 0.092540000000000011 0.016580000000000001 0.015365000000000002 930.10000000000002 34.730000000000011 22.400000000000002 1.0455000000000003 0.032990000000000012 0.31140000000000007 1.8555000000000004 0.061955000000000003 83.180000000000021 1.0455000000000003 12.165000000000001
decision_type=2 2 2 2 2 2 2 2 2 2 2 2 2 2 2 2 2 2 2
left_child=2 -2 6 -3 -5 -6 7 11 -7 10 12 -1 14 -10 16 -15 18 -18 -8
right_child=1 3 -4 4 5 8 9 -9 13 -11 -12 -13 -14 15 -16 -17 17 -19 -20
leaf_value=-0.11281637366284827 -0.055916146295307639 0.027276575726983922 0.039178256821208783 0.15261138363626434 0.069106897085510821 0.13754368215371046 -0.11104629739328629 -0.017911585962086144 0.12141812572119547 -0.12985466651487651 -0.11675090916395835 -0.11715213911573333 -0.11368481530451269 0.12030621583277044 -0.11246140832496175 0.11961764343959236 -0.11119901769837455 -0.11179271152270798 -0.11113450012559832
leaf_weight=3.4400662332773271 5.0289760455489185 4.3875057920813587 2.6354636400938025 3.8928477615118053 3.3262328207492855 3.3999827653169623 2.8664077818393725 2.0382357537746429 3.1611187756061545 2.2521386444568625 2.128891944885253 2.0412063524127007 2.0362101271748534 2.7949493080377561 1.9618149921298016 5.343058243393898 2.1717704907059669 2.1587778255343437 1.8028149157762525
leaf_count=35 33 23 12 22 22 20 32 19 22 13 18 18 20 20 20 39 24 23 20
internal_value=-0.0011181 0.0794414 -0.0927984 0.105318 0.12094 0.114101 -0.106768 -0.0882685 0.124282 -0.114772 -0.112527 -0.114431 -0.111835 0.120292 -0.111491 0.119854 -0.11128 -0.111495 -0.11108
internal_weight=58.8685 31.3347 27.5338 26.3057 21.9182 18.0253 24.8983 7.51951 14.6991 17.3788 15.1267 5.48127 12.9978 11.2991 10.9616 8.13801 8.99977 4.33055 4.66922
internal_count=455 201 254 168 145 123 242 72 101 170 157 53 139 81 119 59 99 47 52
is_linear=0
shrinkage=0.1


Tree=14
num_leaves=20
num_cat=0
split_feature=7 21 22 1 20 21 2 11 28 23 7 13 6 20 22 18 25 24 19
split_gain=38.5692 6.53182 9.39839 5.09482 7.56049 0.832345 0.603549 0.468468 0.182372 0.172996 0.0140991 0.00370813 0.00187458 0.000389358 6.48531e-05 5.86078e-05 1.61502e-05 3.75303e-06 2.73525e-07
threshold=0.05012500000000001 24.870000000000005 118.25000000000001 21.575000000000003 14.465000000000002 26.555000000000003 96.405000000000015 1.7475000000000003 0.27390000000000009 901.75000000000011 0.037370000000000007 27.485000000000003 0.11605000000000001 14.880000000000001 145.15000000000003 0.016580000000000001 0.39415000000000006 0.11910000000000001 0.0032935000000000004
decision_type=2 2 2 2 2 2 2 2 2 2 2 2 2 2 2 2 2 2 2
left_child=3 2 -2 5 -5 6 7 10 -3 -10 11 13 -11 15 -14 -1 -16 -17 -19
right_child=1 8 -4 4 -6 -7 -8 -9 9 12 -12 -13 14 -15 16 17 -18 18 -20
leaf_value=-0.11052376331688632 -0.098385364304223413 0.0993442862918643 0.1263631977173108 -0.11479674018352666 0.089033458771357876 -0.061696023342052903 -0.16601630266332545 -0.05769001208724546 0.14320419424029235 0.12044518708977091 -0.12047531363375995 -0.11536495668366833 0.11709519236520227 -0.11171989958130833 0.11784357348142996 -0.11007969767731654 0.11749198794100557 -0.1099350614626779 -0.1098844778588213
leaf_weight=2.6622813120484476 3.9079203233122852 3.629896521568301 3.5516149699687958 3.4472193494439116 3.8545145913958549 3.9088219702243796 1.8923796117305745 1.7641250640153874 3.6655992791056624 2.7664118483662596 1.8278344199061383 1.7429178506135929 3.2389475479722005 1.8525284230709065 2.5673506036400795 1.9942261129617689 2.6603756472468376 2.6303906962275505 1.8008832708001135
leaf_count=31 22 25 22 32 23 35 9 18 20 20 16 17 26 20 20 24 21 32 22
internal_value=-0.00110693 0.0876337 0.00862135 -0.0796076 -0.00719675 -0.103557 -0.112564 -0.106349 0.119444 0.124341 -0.112264 -0.111081 0.118185 -0.110399 0.117447 -0.110129 0.117665 -0.109966 -0.109915
internal_weight=55.3662 25.9881 7.45954 29.3781 7.30173 22.0764 18.1676 16.2752 18.5286 14.8987 14.5111 12.6832 11.2331 10.9403 8.46667 9.08778 5.22773 6.4255 4.43127
internal_count=455 176 44 279 55 224 189 180 132 107 162 146 87 129 67 109 41 78 54
is_linear=0
shrinkage=0.1


Tree=15
num_leaves=18
num_cat=0
split_feature=7 23 20 13 21 15 1 27 5 20 11 25 21 18 26 3 12
split_gain=33.6448 6.21359 4.61703 1.64892 0.582111 0.555482 0.0982195 0.0122961 0.00790023 0.000933042 0.000235388 0.000163278 0.000145436 6.01655e-05 4.4613e-05 3.44646e-06 8.32719e-07
threshold=0.05012500000000001 810.55000000000007 16.850000000000005 34.405000000000008 30.135000000000002 0.018735000000000005 18.555000000000003 0.11510000000000002 0.11865000000000002 15.125000000000002 1.8555000000000004 0.39035000000000003 26.555000000000003 0.016580000000000001 0.61270000000000013 476.20000000000005 1.6640000000000004
decision_type=2 2 2 2 2 2 2 2 2 2 2 2 2 2 2 2 2
left_child=2 -2 3 4 7 -3 -7 9 -8 10 12 -10 13 -1 -13 16 -15
right_child=1 5 -4 -5 -6 6 8 -9 11 -11 -12 14 -14 15 -16 -17 -18
leaf_value=-0.10947941920173641 -0.0048007836997670788 0.075568444847615379 0.023161025009553499 -0.017519736463356864 -0.068504748386202005 0.13659642855713036 0.12186577844485269 -0.11837481973739306 0.11621221863287921 -0.11184058395192875 -0.11046994581941259 0.11507405901209851 -0.11008446358259311 -0.10892745414996474 0.11566761247396749 -0.10903723043544473 -0.10884862668421587
leaf_weight=2.6796791106462603 5.8611302152276066 3.2004072591662434 3.9791428297758094 2.5631296262145034 4.0746041983366004 3.3256398215889922 2.7358566895127288 1.8093208372592915 4.0632377639412862 1.7309409305453289 1.7123113274574269 2.6156605035066605 1.6541854366660107 2.4823637679219246 2.4547049924731255 2.0494644492864609 2.9123899638652802
leaf_count=34 33 24 18 16 36 21 20 17 34 19 20 23 20 33 21 27 39
internal_value=-0.00109112 0.0848639 -0.076504 -0.0932597 -0.102458 0.113433 0.121408 -0.110581 0.117152 -0.109655 -0.109374 0.11574 -0.109215 -0.109073 0.115361 -0.108927 -0.108885
internal_weight=51.9042 24.2566 27.6475 23.6684 21.1053 18.3955 15.1951 17.0307 11.8695 15.2213 13.4904 9.1336 11.7781 10.1239 5.07037 7.44422 5.39475
internal_count=455 176 279 261 245 143 119 209 98 192 173 78 153 133 44 99 72
is_linear=0
shrinkage=0.1


Tree=16
num_leaves=20
num_cat=0
split_feature=27 23 3 21 18 11 15 4 23 13 1 22 7 11 28 14 21 3 12
split_gain=29.9083 8.07368 4.23205 3.35436 0.436143 1.53125 0.381045 0.787719 0.0763946 0.0342128 0.00291658 0.00108074 0.000747866 0.000237466 0.000226058 4.73909e-05 3.65458e-05 6.71566e-06 4.37732e-07
threshold=0.111 722.85000000000002 691.95000000000016 22.290000000000003 0.016580000000000001 1.151 0.017985000000000004 0.094320000000000001 930.10000000000002 34.730000000000011 22.615000000000006 96.925000000000011 0.033870000000000004 1.8555000000000004 0.28415000000000007 0.0064230000000000008 25.555000000000003 476.20000000000005 1.6740000000000002
decision_type=2 2 2 2 2 2 2 2 2 2 2 2 2 2 2 2 2 2 2
left_child=2 -2 4 -3 5 11 -5 -8 -9 10 12 -1 13 16 -10 -16 17 18 -6
right_child=1 3 -4 6 9 -7 7 8 14 -11 -12 -13 -14 -15 15 -17 -18 -19 -20
leaf_value=-0.10899987948568209 -0.049416917646107887 0.010267695880861389 0.035025733633182114 0.14237954163021738 -0.1080096724536056 0.0017727000140222847 0.062757665861723655 0.13301859708777025 0.11512555934901257 -0.12364516731963177 -0.11326903547618548 -0.11222625413415642 -0.11088066808997631 -0.10951058314361105 0.11420519024571668 0.11363482962065861 -0.10860366227810044 -0.10822010294255498 -0.10794482434054609
leaf_weight=2.7607767581939759 4.5979191362857845 3.7470208778977421 2.5613436847925177 3.7973112910985973 1.9906937628984431 1.6863622218370435 3.1688930317759505 2.9657044932246199 2.2629888132214528 1.9603016301989544 1.6576877608895291 1.6640013977885244 1.4116904139518727 1.5780197232961652 3.2520184367895126 2.6389373689889908 1.4508275240659712 1.5400779917836187 2.1816918924450874
leaf_count=37 33 22 12 26 29 16 25 20 20 13 17 19 17 20 30 25 20 22 32
internal_value=-0.00106635 0.0710188 -0.0859582 0.0963821 -0.101544 -0.0793108 0.114223 0.106741 0.119275 -0.111411 -0.10938 -0.110213 -0.108745 -0.1084 0.114276 0.11395 -0.108155 -0.108042 -0.107976
internal_weight=48.8743 26.4308 22.4435 21.8329 19.8821 6.11114 18.0859 14.2885 11.1196 13.771 11.8107 4.42478 10.153 8.74131 8.15394 5.89096 7.16329 5.71246 4.17239
internal_count=455 201 254 168 242 72 146 120 95 170 157 56 140 123 75 55 103 83 61
is_linear=0
shrinkage=0.1


end of trees

feature_importances:
texture_worst=34
concave_points_worst=27
perimeter_worst=20
smoothness_se=18
texture_mean=17
area_se=17
concave_points_mean=14
texture_se=14
symmetry_se=14
radius_worst=14
perimeter_se=11
compactness_se=11
area_worst=9
compactness_worst=9
symmetry_worst=9
concavity_mean=8
radius_se=7
fractal_dimension_se=7
concavity_worst=6
radius_mean=5
area_mean=4
compactness_mean=4
concave_points_se=4
smoothness_mean=3
smoothness_worst=3
fractal_dimension_worst=3
perimeter_mean=2
fractal_dimension_mean=2
symmetry_mean=1
concavity_se=1

parameters:
[boosting: gbdt]
[objective: binary]
[metric: auc]
[tree_learner: serial]
[device_type: cpu]
[data_sample_strategy: bagging]
[data: ]
[valid: ]
[num_iterations: 10000]
[learning_rate: 0.1]
[num_leaves: 31]
[num_threads: 0]
[seed: 42]
[deterministic: 0]
[force_col_wise: 0]
[force_row_wise: 0]
[histogram_pool_size: -1]
[max_depth: -1]
[min_data_in_leaf: 20]
[min_sum_hessian_in_leaf: 0.001]
[bagging_fraction: 1]
[pos_bagging_fraction: 1]
[neg_bagging_fraction: 1]
[bagging_freq: 0]
[bagging_seed: 400]
[bagging_by_query: 0]
[feature_fraction: 1]
[feature_fraction_bynode: 1]
[feature_fraction_seed: 30056]
[extra_trees: 0]
[extra_seed: 12879]
[early_stopping_round: 0]
[early_stopping_min_delta: 0]
[first_metric_only: 0]
[max_delta_step: 0]
[lambda_l1: 0]
[lambda_l2: 0]
[linear_lambda: 0]
[min_gain_to_split: 0]
[drop_rate: 0.1]
[max_drop: 50]
[skip_drop: 0.5]
[xgboost_dart_mode: 0]
[uniform_drop: 0]
[drop_seed: 17869]
[top_rate: 0.2]
[other_rate: 0.1]
[min_data_per_group: 100]
[max_cat_threshold: 32]
[cat_l2: 10]
[cat_smooth: 10]
[max_cat_to_onehot: 4]
[top_k: 20]
[monotone_constraints: ]
[monotone_constraints_method: basic]
[monotone_penalty: 0]
[feature_contri: ]
[forcedsplits_filename: ]
[refit_decay_rate: 0.9]
[cegb_tradeoff: 1]
[cegb_penalty_split: 0]
[cegb_penalty_feature_lazy: ]
[cegb_penalty_feature_coupled: ]
[path_smooth: 0]
[interaction_constraints: ]
[verbosity: -1]
[saved_feature_importance_type: 0]
[use_quantized_grad: 0]
[num_grad_quant_bins: 4]
[quant_train_renew_leaf: 0]
[stochastic_rounding: 1]
[linear_tree: 0]
[max_bin: 255]
[max_bin_by_feature: ]
[min_data_in_bin: 3]
[bin_construct_sample_cnt: 200000]
[data_random_seed: 175]
[is_enable_sparse: 1]
[enable_bundle: 1]
[use_missing: 1]
[zero_as_missing: 0]
[feature_pre_filter: 1]
[pre_partition: 0]
[two_round: 0]
[header: 0]
[label_column: ]
[weight_column: ]
[group_column: ]
[ignore_column: ]
[categorical_feature: ]
[forcedbins_filename: ]
[precise_float_parser: 0]
[parser_config_file: ]
[objective_seed: 16083]
[num_class: 1]
[is_unbalance: 0]
[scale_pos_weight: 1]
[sigmoid: 1]
[boost_from_average: 1]
[reg_sqrt: 0]
[alpha: 0.9]
[fair_c: 1]
[poisson_max_delta_step: 0.7]
[tweedie_variance_power: 1.5]
[lambdarank_truncation_level: 30]
[lambdarank_norm: 1]
[label_gain: ]
[lambdarank_position_bias_regularization: 0]
[eval_at: ]
[multi_error_top_k: 1]
[auc_mu_weights: ]
[num_machines: 1]
[local_listen_port: 12400]
[time_out: 120]
[machine_list_filename: ]
[machines: ]
[gpu_platform_id: -1]
[gpu_device_id: -1]
[gpu_use_dp: 0]
[num_gpu: 1]

end of parameters

pandas_categorical:[]
